﻿Item,Field Description,Field Name,Data Type,Length,DecimalPlaces,Position,Am,Mk,Pi,Type,RadioValues,Html
1,FooBar001,FA00001,nvarchar,4,0,1,FALSE,FALSE,FALSE,text,,
2,FooBar002,FA00002,nvarchar,3,0,5,FALSE,FALSE,FALSE,text,,
3,FooBar003,FA00003,nvarchar,2,0,8,FALSE,FALSE,FALSE,text,,
4,FooBar004,FA00004,nvarchar,3,0,10,FALSE,FALSE,FALSE,text,,
5,FooBar005,FA00005,nvarchar,1,0,13,FALSE,FALSE,FALSE,text,,
6,FooBar006,FA00006,int,1,0,14,FALSE,FALSE,FALSE,text,,
7,FooBar007,FA00007,int,1,0,15,FALSE,FALSE,FALSE,text,,
8,FooBar008,FA00008,int,1,0,16,FALSE,FALSE,FALSE,radio,"1,2,3,4,5,6",
9,FooBar009,FA00009,nvarchar,20,0,17,FALSE,FALSE,FALSE,text,,
10,FooBar010,FB11001,int,1,0,37,FALSE,FALSE,FALSE,radio,"1,2",
11,FooBar011,FB12101,int,2,0,38,FALSE,FALSE,FALSE,text,,
12,FooBar012,FB12102,int,2,0,40,FALSE,FALSE,FALSE,text,,
13,FooBar013,FB12201,int,2,0,42,FALSE,FALSE,FALSE,text,,
14,FooBar014,FB12202,int,2,0,44,FALSE,FALSE,FALSE,text,,
15,FooBar015,FB20001,int,1,0,46,FALSE,FALSE,FALSE,checkbox,,
16,FooBar016,FB21001,int,5,0,47,FALSE,FALSE,FALSE,text,,
17,FooBar017,FB21002,int,5,0,52,FALSE,FALSE,FALSE,text,,
18,FooBar018,FB21003,int,5,0,57,FALSE,FALSE,FALSE,text,,
19,FooBar019,FB21011,int,2,0,62,FALSE,FALSE,FALSE,text_多卡,,
20,FooBar020,FB22011,int,1,0,64,FALSE,FALSE,FALSE,text_多卡,,
21,FooBar021,FB23011,int,5,0,65,FALSE,FALSE,FALSE,text_多卡,,
22,FooBar022,FB24011,nvarchar,4,0,70,FALSE,FALSE,FALSE,text_多卡,,
23,FooBar023,FB25011,int,1,0,74,FALSE,FALSE,FALSE,text_多卡,,
24,FooBar024,FB26011,int,1,0,75,FALSE,FALSE,FALSE,text_多卡,,
25,FooBar025,FB27011,int,1,0,76,FALSE,FALSE,FALSE,text_多卡,,
26,FooBar026,FB28011,int,1,0,77,FALSE,FALSE,FALSE,text_多卡,,
27,FooBar027,FB21021,int,2,0,78,FALSE,FALSE,FALSE,text_多卡,,
28,FooBar028,FB22021,int,1,0,80,FALSE,FALSE,FALSE,text_多卡,,
29,FooBar029,FB23021,int,5,0,81,FALSE,FALSE,FALSE,text_多卡,,
30,FooBar030,FB24021,nvarchar,4,0,86,FALSE,FALSE,FALSE,text_多卡,,
31,FooBar031,FB25021,int,1,0,90,FALSE,FALSE,FALSE,text_多卡,,
32,FooBar032,FB26021,int,1,0,91,FALSE,FALSE,FALSE,text_多卡,,
33,FooBar033,FB27021,int,1,0,92,FALSE,FALSE,FALSE,text_多卡,,
34,FooBar034,FB28021,int,1,0,93,FALSE,FALSE,FALSE,text_多卡,,
35,FooBar035,FB21031,int,2,0,94,FALSE,FALSE,FALSE,text_多卡,,
36,FooBar036,FB22031,int,1,0,96,FALSE,FALSE,FALSE,text_多卡,,
37,FooBar037,FB23031,int,5,0,97,FALSE,FALSE,FALSE,text_多卡,,
38,FooBar038,FB24031,nvarchar,4,0,102,FALSE,FALSE,FALSE,text_多卡,,
39,FooBar039,FB25031,int,1,0,106,FALSE,FALSE,FALSE,text_多卡,,
40,FooBar040,FB26031,int,1,0,107,FALSE,FALSE,FALSE,text_多卡,,
41,FooBar041,FB27031,int,1,0,108,FALSE,FALSE,FALSE,text_多卡,,
42,FooBar042,FB28031,int,1,0,109,FALSE,FALSE,FALSE,text_多卡,,
43,FooBar043,FB21041,int,2,0,110,FALSE,FALSE,FALSE,text_多卡,,
44,FooBar044,FB22041,int,1,0,112,FALSE,FALSE,FALSE,text_多卡,,
45,FooBar045,FB23041,int,5,0,113,FALSE,FALSE,FALSE,text_多卡,,
46,FooBar046,FB24041,nvarchar,4,0,118,FALSE,FALSE,FALSE,text_多卡,,
47,FooBar047,FB25041,int,1,0,122,FALSE,FALSE,FALSE,text_多卡,,
48,FooBar048,FB26041,int,1,0,123,FALSE,FALSE,FALSE,text_多卡,,
49,FooBar049,FB27041,int,1,0,124,FALSE,FALSE,FALSE,text_多卡,,
50,FooBar050,FB28041,int,1,0,125,FALSE,FALSE,FALSE,text_多卡,,
51,FooBar051,FB21051,int,2,0,126,FALSE,FALSE,FALSE,text_多卡,,
52,FooBar052,FB22051,int,1,0,128,FALSE,FALSE,FALSE,text_多卡,,
53,FooBar053,FB23051,int,5,0,129,FALSE,FALSE,FALSE,text_多卡,,
54,FooBar054,FB24051,nvarchar,4,0,134,FALSE,FALSE,FALSE,text_多卡,,
55,FooBar055,FB25051,int,1,0,138,FALSE,FALSE,FALSE,text_多卡,,
56,FooBar056,FB26051,int,1,0,139,FALSE,FALSE,FALSE,text_多卡,,
57,FooBar057,FB27051,int,1,0,140,FALSE,FALSE,FALSE,text_多卡,,
58,FooBar058,FB28051,int,1,0,141,FALSE,FALSE,FALSE,text_多卡,,
59,FooBar059,FB30001,int,1,0,142,FALSE,FALSE,FALSE,checkbox,,
60,FooBar060,FB30002,int,1,0,143,FALSE,FALSE,FALSE,radio,"1,2,3",
61,FooBar061,FB40001,int,1,0,144,FALSE,FALSE,FALSE,checkbox,,
62,FooBar062,FB41011,int,2,0,145,FALSE,FALSE,FALSE,text_多卡,,
63,FooBar063,FB42011,int,3,0,147,FALSE,FALSE,FALSE,text_多卡,,
64,FooBar064,FB43011,int,7,0,150,FALSE,FALSE,FALSE,text_多卡,,
65,FooBar065,FB43012,int,1,0,157,FALSE,FALSE,FALSE,text_多卡,,
66,FooBar066,FB44011,int,1,0,158,FALSE,FALSE,FALSE,text_多卡,,
67,FooBar067,FB45011,int,1,0,159,FALSE,FALSE,FALSE,text_多卡,,
68,FooBar068,FB46011,int,1,0,160,FALSE,FALSE,FALSE,text_多卡,,
69,FooBar069,FB47011,int,1,0,161,FALSE,FALSE,FALSE,text_多卡,,
70,FooBar070,FB41021,int,2,0,162,FALSE,FALSE,FALSE,text_多卡,,
71,FooBar071,FB42021,int,3,0,164,FALSE,FALSE,FALSE,text_多卡,,
72,FooBar072,FB43021,int,7,0,167,FALSE,FALSE,FALSE,text_多卡,,
73,FooBar073,FB43022,int,1,0,174,FALSE,FALSE,FALSE,text_多卡,,
74,FooBar074,FB44021,int,1,0,175,FALSE,FALSE,FALSE,text_多卡,,
75,FooBar075,FB45021,int,1,0,176,FALSE,FALSE,FALSE,text_多卡,,
76,FooBar076,FB46021,int,1,0,177,FALSE,FALSE,FALSE,text_多卡,,
77,FooBar077,FB47021,int,1,0,178,FALSE,FALSE,FALSE,text_多卡,,
78,FooBar078,FB41031,int,2,0,179,FALSE,FALSE,FALSE,text_多卡,,
79,FooBar079,FB42031,int,3,0,181,FALSE,FALSE,FALSE,text_多卡,,
80,FooBar080,FB43031,int,7,0,184,FALSE,FALSE,FALSE,text_多卡,,
81,FooBar081,FB43032,int,1,0,191,FALSE,FALSE,FALSE,text_多卡,,
82,FooBar082,FB44031,int,1,0,192,FALSE,FALSE,FALSE,text_多卡,,
83,FooBar083,FB45031,int,1,0,193,FALSE,FALSE,FALSE,text_多卡,,
84,FooBar084,FB46031,int,1,0,194,FALSE,FALSE,FALSE,text_多卡,,
85,FooBar085,FB47031,int,1,0,195,FALSE,FALSE,FALSE,text_多卡,,
86,FooBar086,FB41041,int,2,0,196,FALSE,FALSE,FALSE,text_多卡,,
87,FooBar087,FB42041,int,3,0,198,FALSE,FALSE,FALSE,text_多卡,,
88,FooBar088,FB43041,int,7,0,201,FALSE,FALSE,FALSE,text_多卡,,
89,FooBar089,FB43042,int,1,0,208,FALSE,FALSE,FALSE,text_多卡,,
90,FooBar090,FB44041,int,1,0,209,FALSE,FALSE,FALSE,text_多卡,,
91,FooBar091,FB45041,int,1,0,210,FALSE,FALSE,FALSE,text_多卡,,
92,FooBar092,FB46041,int,1,0,211,FALSE,FALSE,FALSE,text_多卡,,
93,FooBar093,FB47041,int,1,0,212,FALSE,FALSE,FALSE,text_多卡,,
94,FooBar094,FB41051,int,2,0,213,FALSE,FALSE,FALSE,text_多卡,,
95,FooBar095,FB42051,int,3,0,215,FALSE,FALSE,FALSE,text_多卡,,
96,FooBar096,FB43051,int,7,0,218,FALSE,FALSE,FALSE,text_多卡,,
97,FooBar097,FB43052,int,1,0,225,FALSE,FALSE,FALSE,text_多卡,,
98,FooBar098,FB44051,int,1,0,226,FALSE,FALSE,FALSE,text_多卡,,
99,FooBar099,FB45051,int,1,0,227,FALSE,FALSE,FALSE,text_多卡,,
100,FooBar100,FB46051,int,1,0,228,FALSE,FALSE,FALSE,text_多卡,,
101,FooBar101,FB47051,int,1,0,229,FALSE,FALSE,FALSE,text_多卡,,
102,FooBar102,FB41061,int,2,0,230,FALSE,FALSE,FALSE,text_多卡,,
103,FooBar103,FB42061,int,3,0,232,FALSE,FALSE,FALSE,text_多卡,,
104,FooBar104,FB43061,int,7,0,235,FALSE,FALSE,FALSE,text_多卡,,
105,FooBar105,FB43062,int,1,0,242,FALSE,FALSE,FALSE,text_多卡,,
106,FooBar106,FB44061,int,1,0,243,FALSE,FALSE,FALSE,text_多卡,,
107,FooBar107,FB45061,int,1,0,244,FALSE,FALSE,FALSE,text_多卡,,
108,FooBar108,FB46061,int,1,0,245,FALSE,FALSE,FALSE,text_多卡,,
109,FooBar109,FB47061,int,1,0,246,FALSE,FALSE,FALSE,text_多卡,,
110,FooBar110,FB41071,int,2,0,247,FALSE,FALSE,FALSE,text_多卡,,
111,FooBar111,FB42071,int,3,0,249,FALSE,FALSE,FALSE,text_多卡,,
112,FooBar112,FB43071,int,7,0,252,FALSE,FALSE,FALSE,text_多卡,,
113,FooBar113,FB43072,int,1,0,259,FALSE,FALSE,FALSE,text_多卡,,
114,FooBar114,FB44071,int,1,0,260,FALSE,FALSE,FALSE,text_多卡,,
115,FooBar115,FB45071,int,1,0,261,FALSE,FALSE,FALSE,text_多卡,,
116,FooBar116,FB46071,int,1,0,262,FALSE,FALSE,FALSE,text_多卡,,
117,FooBar117,FB47071,int,1,0,263,FALSE,FALSE,FALSE,text_多卡,,
118,FooBar118,FB50001,int,1,0,264,FALSE,FALSE,FALSE,checkbox,,
119,FooBar119,FB51001,int,5,0,265,FALSE,FALSE,FALSE,text,,
120,FooBar120,FB51002,int,5,0,270,FALSE,FALSE,FALSE,text,,
121,FooBar121,FB51011,int,2,0,275,FALSE,FALSE,FALSE,text_多卡,,
122,FooBar122,FB52011,int,1,0,277,FALSE,FALSE,FALSE,text_多卡,,
123,FooBar123,FB53011,int,7,0,278,FALSE,FALSE,FALSE,text_多卡,,
124,FooBar124,FB54011,int,1,0,285,FALSE,FALSE,FALSE,text_多卡,,
125,FooBar125,FB51021,int,2,0,286,FALSE,FALSE,FALSE,text_多卡,,
126,FooBar126,FB52021,int,1,0,288,FALSE,FALSE,FALSE,text_多卡,,
127,FooBar127,FB53021,int,7,0,289,FALSE,FALSE,FALSE,text_多卡,,
128,FooBar128,FB54021,int,1,0,296,FALSE,FALSE,FALSE,text_多卡,,
129,FooBar129,FB51031,int,2,0,297,FALSE,FALSE,FALSE,text_多卡,,
130,FooBar130,FB52031,int,1,0,299,FALSE,FALSE,FALSE,text_多卡,,
131,FooBar131,FB53031,int,7,0,300,FALSE,FALSE,FALSE,text_多卡,,
132,FooBar132,FB54031,int,1,0,307,FALSE,FALSE,FALSE,text_多卡,,
133,FooBar133,FB51041,int,2,0,308,FALSE,FALSE,FALSE,text_多卡,,
134,FooBar134,FB52041,int,1,0,310,FALSE,FALSE,FALSE,text_多卡,,
135,FooBar135,FB53041,int,7,0,311,FALSE,FALSE,FALSE,text_多卡,,
136,FooBar136,FB54041,int,1,0,318,FALSE,FALSE,FALSE,text_多卡,,
137,FooBar137,FB60001,int,2,0,319,FALSE,FALSE,FALSE,radio,"1,2,3,4,5,6,7,8,9,10,11,12,13,14",
138,FooBar138,FB70001,int,1,0,321,FALSE,FALSE,FALSE,checkbox,,
139,FooBar139,FB71001,int,1,0,322,FALSE,FALSE,FALSE,checkbox,,
140,FooBar140,FB71002,int,1,0,323,FALSE,FALSE,FALSE,checkbox,,
141,FooBar141,FB71003,int,1,0,324,FALSE,FALSE,FALSE,checkbox,,
142,FooBar142,FB71004,int,1,0,325,FALSE,FALSE,FALSE,checkbox,,
143,FooBar143,FB71005,int,1,0,326,FALSE,FALSE,FALSE,checkbox,,
144,FooBar144,FB71006,int,1,0,327,FALSE,FALSE,FALSE,checkbox,,
145,FooBar145,FB71007,int,1,0,328,FALSE,FALSE,FALSE,checkbox,,
146,FooBar146,FB71008,int,1,0,329,FALSE,FALSE,FALSE,checkbox,,
147,FooBar147,FB71009,int,1,0,330,FALSE,FALSE,FALSE,checkbox,,
148,FooBar148,FB71010,int,1,0,331,FALSE,FALSE,FALSE,checkbox,,
149,FooBar149,FB71011,int,1,0,332,FALSE,FALSE,FALSE,checkbox,,
150,FooBar150,FB71012,int,1,0,333,FALSE,FALSE,FALSE,checkbox,,
151,FooBar151,FB81011,int,1,0,334,FALSE,FALSE,FALSE,text_多卡,,
152,FooBar152,FB82011,int,1,0,335,FALSE,FALSE,FALSE,text_多卡,,
153,FooBar153,FB83011,int,2,0,336,FALSE,FALSE,FALSE,text_多卡,,
154,FooBar154,FB84011,int,1,0,338,FALSE,FALSE,FALSE,text_多卡,,
155,FooBar155,FB85011,int,1,0,339,FALSE,FALSE,FALSE,checkbox_多卡,,
156,FooBar156,FB86011,int,1,0,340,FALSE,FALSE,FALSE,text_多卡,,
157,FooBar157,FB87011,int,1,0,341,FALSE,FALSE,FALSE,text_多卡,,
158,FooBar158,FB88011,int,1,0,342,FALSE,FALSE,FALSE,text_多卡,,
159,FooBar159,FB89011,int,1,0,343,FALSE,FALSE,FALSE,text_多卡,,
160,FooBar160,FB89012,int,1,0,344,FALSE,FALSE,FALSE,text_多卡,,
161,FooBar161,FB81021,int,1,0,345,FALSE,FALSE,FALSE,text_多卡,,
162,FooBar162,FB82021,int,1,0,346,FALSE,FALSE,FALSE,text_多卡,,
163,FooBar163,FB83021,int,2,0,347,FALSE,FALSE,FALSE,text_多卡,,
164,FooBar164,FB84021,int,1,0,349,FALSE,FALSE,FALSE,text_多卡,,
165,FooBar165,FB85021,int,1,0,350,FALSE,FALSE,FALSE,checkbox_多卡,,
166,FooBar166,FB86021,int,1,0,351,FALSE,FALSE,FALSE,text_多卡,,
167,FooBar167,FB87021,int,1,0,352,FALSE,FALSE,FALSE,text_多卡,,
168,FooBar168,FB88021,int,1,0,353,FALSE,FALSE,FALSE,text_多卡,,
169,FooBar169,FB89021,int,1,0,354,FALSE,FALSE,FALSE,text_多卡,,
170,FooBar170,FB89022,int,1,0,355,FALSE,FALSE,FALSE,text_多卡,,
171,FooBar171,FB81031,int,1,0,356,FALSE,FALSE,FALSE,text_多卡,,
172,FooBar172,FB82031,int,1,0,357,FALSE,FALSE,FALSE,text_多卡,,
173,FooBar173,FB83031,int,2,0,358,FALSE,FALSE,FALSE,text_多卡,,
174,FooBar174,FB84031,int,1,0,360,FALSE,FALSE,FALSE,text_多卡,,
175,FooBar175,FB85031,int,1,0,361,FALSE,FALSE,FALSE,checkbox_多卡,,
176,FooBar176,FB86031,int,1,0,362,FALSE,FALSE,FALSE,text_多卡,,
177,FooBar177,FB87031,int,1,0,363,FALSE,FALSE,FALSE,text_多卡,,
178,FooBar178,FB88031,int,1,0,364,FALSE,FALSE,FALSE,text_多卡,,
179,FooBar179,FB89031,int,1,0,365,FALSE,FALSE,FALSE,text_多卡,,
180,FooBar180,FB89032,int,1,0,366,FALSE,FALSE,FALSE,text_多卡,,
181,FooBar181,FB81041,int,1,0,367,FALSE,FALSE,FALSE,text_多卡,,
182,FooBar182,FB82041,int,1,0,368,FALSE,FALSE,FALSE,text_多卡,,
183,FooBar183,FB83041,int,2,0,369,FALSE,FALSE,FALSE,text_多卡,,
184,FooBar184,FB84041,int,1,0,371,FALSE,FALSE,FALSE,text_多卡,,
185,FooBar185,FB85041,int,1,0,372,FALSE,FALSE,FALSE,checkbox_多卡,,
186,FooBar186,FB86041,int,1,0,373,FALSE,FALSE,FALSE,text_多卡,,
187,FooBar187,FB87041,int,1,0,374,FALSE,FALSE,FALSE,text_多卡,,
188,FooBar188,FB88041,int,1,0,375,FALSE,FALSE,FALSE,text_多卡,,
189,FooBar189,FB89041,int,1,0,376,FALSE,FALSE,FALSE,text_多卡,,
190,FooBar190,FB89042,int,1,0,377,FALSE,FALSE,FALSE,text_多卡,,
191,FooBar191,FB81051,int,1,0,378,FALSE,FALSE,FALSE,text_多卡,,
192,FooBar192,FB82051,int,1,0,379,FALSE,FALSE,FALSE,text_多卡,,
193,FooBar193,FB83051,int,2,0,380,FALSE,FALSE,FALSE,text_多卡,,
194,FooBar194,FB84051,int,1,0,382,FALSE,FALSE,FALSE,text_多卡,,
195,FooBar195,FB85051,int,1,0,383,FALSE,FALSE,FALSE,checkbox_多卡,,
196,FooBar196,FB86051,int,1,0,384,FALSE,FALSE,FALSE,text_多卡,,
197,FooBar197,FB87051,int,1,0,385,FALSE,FALSE,FALSE,text_多卡,,
198,FooBar198,FB88051,int,1,0,386,FALSE,FALSE,FALSE,text_多卡,,
199,FooBar199,FB89051,int,1,0,387,FALSE,FALSE,FALSE,text_多卡,,
200,FooBar200,FB89052,int,1,0,388,FALSE,FALSE,FALSE,text_多卡,,
201,FooBar201,FB81061,int,1,0,389,FALSE,FALSE,FALSE,text_多卡,,
202,FooBar202,FB82061,int,1,0,390,FALSE,FALSE,FALSE,text_多卡,,
203,FooBar203,FB83061,int,2,0,391,FALSE,FALSE,FALSE,text_多卡,,
204,FooBar204,FB84061,int,1,0,393,FALSE,FALSE,FALSE,text_多卡,,
205,FooBar205,FB85061,int,1,0,394,FALSE,FALSE,FALSE,checkbox_多卡,,
206,FooBar206,FB86061,int,1,0,395,FALSE,FALSE,FALSE,text_多卡,,
207,FooBar207,FB87061,int,1,0,396,FALSE,FALSE,FALSE,text_多卡,,
208,FooBar208,FB88061,int,1,0,397,FALSE,FALSE,FALSE,text_多卡,,
209,FooBar209,FB89061,int,1,0,398,FALSE,FALSE,FALSE,text_多卡,,
210,FooBar210,FB89062,int,1,0,399,FALSE,FALSE,FALSE,text_多卡,,
211,FooBar211,FB90001,int,1,0,400,FALSE,FALSE,FALSE,radio,"1,2",
212,FooBar212,FB90002,int,2,0,401,FALSE,FALSE,FALSE,text,,
213,FooBar213,FB90003,int,1,0,403,FALSE,FALSE,FALSE,text,,
214,FooBar214,FB90004,int,1,0,404,FALSE,FALSE,FALSE,text,,
215,FooBar215,FC00001,int,1,0,405,FALSE,FALSE,FALSE,checkbox,,
216,FooBar216,FC00002,int,3,0,406,FALSE,FALSE,FALSE,text,,
217,FooBar217,FC00003,int,3,0,409,FALSE,FALSE,FALSE,text,,
218,FooBar218,FC00004,int,3,0,412,FALSE,FALSE,FALSE,text,,
219,FooBar219,FC00005,int,3,0,415,FALSE,FALSE,FALSE,text,,
220,FooBar220,FC00006,int,3,0,418,FALSE,FALSE,FALSE,text,,
221,FooBar221,FC00007,int,3,0,421,FALSE,FALSE,FALSE,text,,
222,FooBar222,FC00008,int,3,0,424,FALSE,FALSE,FALSE,text,,
223,FooBar223,FC00009,int,3,0,427,FALSE,FALSE,FALSE,text,,
224,FooBar224,FC00010,int,3,0,430,FALSE,FALSE,FALSE,text,,
225,FooBar225,FC00011,int,3,0,433,FALSE,FALSE,FALSE,text,,
226,FooBar226,FC00012,int,3,0,436,FALSE,FALSE,FALSE,text,,
227,FooBar227,FC00013,int,3,0,439,FALSE,FALSE,FALSE,text,,
228,FooBar228,FC00014,int,3,0,442,FALSE,FALSE,FALSE,text,,
229,FooBar229,FC00015,int,3,0,445,FALSE,FALSE,FALSE,text,,
230,FooBar230,FC00016,int,3,0,448,FALSE,FALSE,FALSE,text,,
231,FooBar231,FC00017,int,3,0,451,FALSE,FALSE,FALSE,text,,
232,FooBar232,FC00018,int,3,0,454,FALSE,FALSE,FALSE,text,,
233,FooBar233,FC00019,int,3,0,457,FALSE,FALSE,FALSE,text,,
234,FooBar234,FC00020,int,3,0,460,FALSE,FALSE,FALSE,text,,
235,FooBar235,FC00021,int,3,0,463,FALSE,FALSE,FALSE,text,,
236,FooBar236,FC00022,int,3,0,466,FALSE,FALSE,FALSE,text,,
237,FooBar237,FC00023,int,3,0,469,FALSE,FALSE,FALSE,text,,
238,FooBar238,FC00024,int,3,0,472,FALSE,FALSE,FALSE,text,,
239,FooBar239,FC00025,int,3,0,475,FALSE,FALSE,FALSE,text,,
240,FooBar240,FC00026,int,3,0,478,FALSE,FALSE,FALSE,text,,
241,FooBar241,FC00027,int,3,0,481,FALSE,FALSE,FALSE,text,,
242,FooBar242,FC00028,int,3,0,484,FALSE,FALSE,FALSE,text,,
243,FooBar243,FC00029,int,3,0,487,FALSE,FALSE,FALSE,text,,
244,FooBar244,FC00030,int,3,0,490,FALSE,FALSE,FALSE,text,,
245,FooBar245,FC00031,int,3,0,493,FALSE,FALSE,FALSE,text,,
246,FooBar246,FC00032,int,3,0,496,FALSE,FALSE,FALSE,text,,
247,FooBar247,FC00033,int,3,0,499,FALSE,FALSE,FALSE,text,,
248,FooBar248,FC00034,int,3,0,502,FALSE,FALSE,FALSE,text,,
249,FooBar249,FC00035,int,3,0,505,FALSE,FALSE,FALSE,text,,
250,FooBar250,FC00036,int,3,0,508,FALSE,FALSE,FALSE,text,,
251,FooBar251,FC00037,int,3,0,511,FALSE,FALSE,FALSE,text,,
252,FooBar252,FC00038,int,3,0,514,FALSE,FALSE,FALSE,text,,
253,FooBar253,FC00039,int,3,0,517,FALSE,FALSE,FALSE,text,,
254,FooBar254,FC00040,int,3,0,520,FALSE,FALSE,FALSE,text,,
255,FooBar255,FC00041,int,3,0,523,FALSE,FALSE,FALSE,text,,
256,FooBar256,FC00042,int,3,0,526,FALSE,FALSE,FALSE,text,,
257,FooBar257,FC00043,int,3,0,529,FALSE,FALSE,FALSE,text,,
258,FooBar258,FC00044,int,3,0,532,FALSE,FALSE,FALSE,text,,
259,FooBar259,FC00045,int,3,0,535,FALSE,FALSE,FALSE,text,,
260,FooBar260,FC00046,int,3,0,538,FALSE,FALSE,FALSE,text,,
261,FooBar261,FC00047,int,3,0,541,FALSE,FALSE,FALSE,text,,
262,FooBar262,FC00048,int,3,0,544,FALSE,FALSE,FALSE,text,,
263,FooBar263,FC00049,int,3,0,547,FALSE,FALSE,FALSE,text,,
264,FooBar264,FC00050,int,3,0,550,FALSE,FALSE,FALSE,text,,
265,FooBar265,FC00051,int,3,0,553,FALSE,FALSE,FALSE,text,,
266,FooBar266,FC00052,int,3,0,556,FALSE,FALSE,FALSE,text,,
267,FooBar267,FC00053,int,3,0,559,FALSE,FALSE,FALSE,text,,
268,FooBar268,FC00054,int,3,0,562,FALSE,FALSE,FALSE,text,,
269,FooBar269,FC00055,int,3,0,565,FALSE,FALSE,FALSE,text,,
270,FooBar270,FC00056,int,1,0,568,FALSE,FALSE,FALSE,checkbox,,
271,FooBar271,FC00057,int,1,0,569,FALSE,FALSE,FALSE,radio,"1,2,3,4",
272,FooBar272,FC00058,nvarchar,20,0,570,FALSE,FALSE,FALSE,text,,
273,FooBar273,FC00059,int,1,0,590,FALSE,FALSE,FALSE,checkbox,,
274,FooBar274,FC00060,int,1,0,591,FALSE,FALSE,FALSE,checkbox,,
275,FooBar275,FC00061,int,1,0,592,FALSE,FALSE,FALSE,checkbox,,
276,FooBar276,FC00062,int,1,0,593,FALSE,FALSE,FALSE,checkbox,,
277,FooBar277,FC00063,int,1,0,594,FALSE,FALSE,FALSE,checkbox,,
278,FooBar278,FC00064,int,1,0,595,FALSE,FALSE,FALSE,checkbox,,
279,FooBar279,FC00065,int,1,0,596,FALSE,FALSE,FALSE,checkbox,,
280,FooBar280,FC00066,int,1,0,597,FALSE,FALSE,FALSE,checkbox,,
281,FooBar281,FC00067,nvarchar,20,0,598,FALSE,FALSE,FALSE,text,,
282,FooBar282,FC00068,int,1,0,618,FALSE,FALSE,FALSE,checkbox,,
283,FooBar283,FC00069,int,7,0,619,FALSE,FALSE,FALSE,text,,
284,FooBar284,FC00070,int,1,0,626,FALSE,FALSE,FALSE,checkbox,,
285,FooBar285,FC00071,int,1,0,627,FALSE,FALSE,FALSE,checkbox,,
286,FooBar286,FC00072,int,7,0,628,FALSE,FALSE,FALSE,text,,
287,FooBar287,FC00073,int,1,0,635,FALSE,FALSE,FALSE,checkbox,,
288,FooBar288,FC00074,int,7,0,636,FALSE,FALSE,FALSE,text,,
289,FooBar289,FC00075,int,1,0,643,FALSE,FALSE,FALSE,checkbox,,
290,FooBar290,FC00076,int,1,0,644,FALSE,FALSE,FALSE,checkbox,,
291,FooBar291,FC00077,int,1,0,645,FALSE,FALSE,FALSE,checkbox,,
292,FooBar292,FC00078,int,7,0,646,FALSE,FALSE,FALSE,text,,
293,FooBar293,FC00079,int,7,0,653,FALSE,FALSE,FALSE,text,,
294,FooBar294,FC00080,int,3,0,660,FALSE,FALSE,FALSE,text,,
295,FooBar295,FC00081,int,3,0,663,FALSE,FALSE,FALSE,text,,
296,FooBar296,FC00082,int,3,0,666,FALSE,FALSE,FALSE,text,,
297,FooBar297,FC00083,int,3,0,669,FALSE,FALSE,FALSE,text,,
298,FooBar298,FC00084,int,3,0,672,FALSE,FALSE,FALSE,text,,
299,FooBar299,FC00085,int,3,0,675,FALSE,FALSE,FALSE,text,,
300,FooBar300,FC00086,int,3,0,678,FALSE,FALSE,FALSE,text,,
301,FooBar301,FD00001,int,1,0,681,FALSE,FALSE,FALSE,checkbox,,
302,FooBar302,FD00011,int,1,0,682,FALSE,FALSE,FALSE,radio,"1,2,3,4,5,6,7",
303,FooBar303,FD00021,nvarchar,20,0,683,FALSE,FALSE,FALSE,text,,
304,FooBar304,FD00031,int,7,0,703,FALSE,FALSE,FALSE,text,,
305,FooBar305,FD00041,int,1,0,710,FALSE,FALSE,FALSE,checkbox,,
306,FooBar306,FD00051,int,1,0,711,FALSE,FALSE,FALSE,checkbox,,
307,FooBar307,FD00061,nvarchar,20,0,712,FALSE,FALSE,FALSE,text,,
308,FooBar308,FD00071,int,1,0,732,FALSE,FALSE,FALSE,checkbox,,
309,FooBar309,FD00081,int,1,0,733,FALSE,FALSE,FALSE,checkbox,,
310,FooBar310,FD00091,nvarchar,20,0,734,FALSE,FALSE,FALSE,text,,
311,FooBar311,FD00101,int,1,0,754,FALSE,FALSE,FALSE,checkbox,,
312,FooBar312,FD00111,nvarchar,400,0,755,FALSE,FALSE,FALSE,text,,
